data;
param n := 1091; 
param m := 1; 
param M := 1048576; 
param alpha := 5.39779874213836; 
param T := 2948; 
param epsilon := 2948; 
param beta := 34; 
param txsize := 3180; 
param iosize := 660; 
param: 		size	value	:=
	1	148	76077783
	2	148	3126467
	3	148	785921
	4	148	776511
	5	148	5249517
	6	148	4861965
	7	148	426983
	8	148	725723
	9	148	500399
	10	148	547164
	11	148	776254
	12	148	9204612
	13	148	39572985
	14	148	4626914
	15	148	424730
	16	148	425731
	17	148	526693
	18	148	159794451
	19	148	569701
	20	148	13724059
	21	148	429058
	22	148	432759
	23	148	10177427
	24	148	427890
	25	148	1603730
	26	148	4790371
	27	148	4235405
	28	148	163295451
	29	148	470597
	30	148	9645700
	31	148	501398
	32	148	670180
	33	148	34956080
	34	148	426568
	35	148	488909
	36	148	475488
	37	148	1558027
	38	148	2313469
	39	148	46646826
	40	148	497943
	41	148	440032
	42	148	6070795
	43	148	2783428
	44	148	3015692
	45	148	1114275069
	46	148	3532795
	47	148	97499073
	48	148	3022415
	49	148	3274425
	50	148	435216
	51	148	434142
	52	148	924282
	53	148	888544
	54	148	2149945
	55	148	851620
	56	148	3538396
	57	148	1835559
	58	148	426838
	59	148	1894452
	60	148	4836812
	61	148	160208989
	62	148	880011243
	63	148	430644
	64	148	527212
	65	148	41821169
	66	148	534452
	67	148	1016561
	68	148	4201854
	69	148	6584209
	70	148	3602770
	71	148	3768589
	72	148	430147
	73	148	434232
	74	148	3506019
	75	148	9980126
	76	148	425645
	77	148	12491000
	78	148	3242411
	79	148	1286209
	80	148	425294
	81	148	3484453
	82	148	5187597
	83	148	706416497
	84	148	1386192
	85	148	718614839
	86	148	459749
	87	148	451347
	88	148	454184
	89	148	4836551
	90	148	443474
	91	148	13124159
	92	148	3238594
	93	148	2183914
	94	148	2394454
	95	148	1739677
	96	148	654863785
	97	148	727118411
	98	148	426454
	99	148	55803196
	100	148	425852194
	101	148	119962448
	102	148	50982654
	103	148	5745377
	104	148	449926
	105	148	434825
	106	148	3636650
	107	148	424976
	108	148	424452
	109	148	433525
	110	148	3010240
	111	148	464796
	112	148	972853
	113	148	1221798
	114	148	2686288
	115	148	446021
	116	148	4394455
	117	148	2460951
	118	148	706058
	119	148	2837235
	120	148	4378556
	121	148	2976751
	122	148	431194
	123	148	1845911
	124	148	538913
	125	148	828687
	126	148	4539643
	127	148	3515432
	128	148	85698542
	129	148	627142
	130	148	3567450
	131	148	5794456
	132	148	1253435
	133	148	707925
	134	148	3488214870
	135	148	3488214870
	136	148	3594456
	137	148	1294636
	138	148	475530
	139	148	3133092
	140	148	975083
	141	148	107097680
	142	148	2455312
	143	148	3811946
	144	148	5944457
	145	148	424693
	146	148	1793698
	147	148	199140256
	148	148	4014372
	149	148	141717539
	150	148	1557942
	151	148	426249
	152	148	2052123
	153	148	425061
	154	148	2624298
	155	148	1566961
	156	148	3292322
	157	148	2568416
	158	148	4351126
	159	148	2186181
	160	148	427670
	161	148	3674516
	162	148	4970131
	163	148	424543
	164	148	159744457
	165	148	3262392
	166	148	425642
	167	148	2564295
	168	148	429568
	169	148	2264878
	170	148	463194
	171	148	444457
	172	148	443457
	173	148	2611245
	174	148	425600
	175	148	2724862
	176	148	425868
	177	148	1411072
	178	148	460524
	179	148	147094457
	180	148	424457
	181	148	142386379
	182	148	476419
	183	148	647709
	184	148	424160
	185	148	2834075
	186	148	430296
	187	148	424505
	188	148	564081
	189	148	425464
	190	148	1011542
	191	148	1717249
	192	148	470896
	193	148	81897994
	194	148	425049
	195	148	425573
	196	148	425933
	197	148	443213
	198	148	439332
	199	148	2059551
	200	148	1885731
	201	148	424439
	202	148	439458
	203	148	523894
	204	148	425686
	205	148	461854
	206	148	437749
	207	148	451517
	208	148	3657018
	209	148	7116094455
	210	148	7116094455
	211	148	58294458
	212	148	425716
	213	148	425748
	214	148	459560
	215	148	44610547
	216	148	581097
	217	148	424407
	218	148	428544
	219	148	425595
	220	148	1490048
	221	148	436069
	222	148	1772313
	223	148	594347
	224	148	1594014
	225	148	4154333
	226	148	619199
	227	148	1184188
	228	148	1738227
	229	148	465050
	230	148	608502
	231	148	434586
	232	148	601915
	233	148	1098330
	234	148	424875
	235	148	428844
	236	148	90588876
	237	148	1447771
	238	148	469689
	239	148	439550
	240	148	424893
	241	148	563481
	242	148	454301
	243	148	521061
	244	148	425883
	245	148	424571
	246	148	569424
	247	148	1897692
	248	148	426431
	249	148	427962
	250	148	1166862
	251	148	424368
	252	148	507823
	253	148	424458
	254	148	974893
	255	148	425340
	256	148	3234004
	257	148	119944458
	258	148	4412636
	259	148	429242
	260	148	424132
	261	148	425571
	262	148	424177
	263	148	424496
	264	148	435530
	265	148	2944458
	266	148	122085263
	267	148	427023
	268	148	434015
	269	148	920577
	270	148	720779
	271	148	1530729
	272	148	426684
	273	148	1572835
	274	148	1815713
	275	148	429238
	276	148	3813412
	277	148	653230
	278	148	596409
	279	148	425885
	280	148	1106562
	281	148	2826608
	282	148	677106
	283	148	1201226
	284	148	472240
	285	148	431408
	286	148	2004197
	287	148	425564
	288	148	424843
	289	148	494458
	290	148	1871180
	291	148	3191289
	292	148	2542874
	293	148	3227465
	294	148	1537930
	295	148	3046335
	296	148	782289
	297	148	789589
	298	148	826942
	299	148	829162
	300	148	1564074
	301	148	2471564
	302	148	2495563
	303	148	1168728
	304	148	782705
	305	148	833570
	306	148	782888
	307	148	1392940
	308	148	825998
	309	148	56204227
	310	148	902853
	311	148	801778
	312	148	49989780
	313	148	1765567
	314	148	809011
	315	148	1380183
	316	148	824025
	317	148	787368
	318	148	825524
	319	148	818678
	320	148	3721540
	321	148	926858
	322	148	1928838
	323	148	782328
	324	148	1459279
	325	148	782693
	326	148	877748
	327	148	1074576
	328	148	1162383
	329	148	782596
	330	148	1189780
	331	148	790699
	332	148	1360650
	333	148	957206
	334	148	2863011
	335	148	850596
	336	148	894641
	337	148	785685
	338	148	1380188
	339	148	3121018
	340	148	3338262
	341	148	2698207
	342	148	789780
	343	148	801055
	344	148	5070709
	345	148	1314418
	346	148	1061428
	347	148	1760632
	348	148	787922
	349	148	861091
	350	148	953784
	351	148	788880
	352	148	782357
	353	148	926255
	354	148	983015
	355	148	834979
	356	148	845018
	357	148	910132
	358	148	842442
	359	148	782632
	360	148	788644
	361	148	56384326
	362	148	991789
	363	148	788044
	364	148	2646956
	365	148	933929
	366	148	789652
	367	148	1574748
	368	148	782398
	369	148	2106533
	370	148	2543251
	371	148	784612
	372	148	874981
	373	148	857333
	374	148	1003105
	375	148	794045
	376	148	782097
	377	148	814991
	378	148	782894
	379	148	4591488
	380	148	784966
	381	148	4524684
	382	148	3123663
	383	148	1373314
	384	148	959661
	385	148	855788
	386	148	804766
	387	148	789864
	388	148	818074
	389	148	782021
	390	148	795388
	391	148	794276
	392	148	886650
	393	148	782704
	394	148	885310
	395	148	843931
	396	148	793204
	397	148	1137360
	398	148	784790
	399	148	782125
	400	148	807382
	401	148	786561
	402	148	789235
	403	148	795167
	404	148	57568377
	405	148	911366
	406	148	90305281
	407	148	814131
	408	148	1353677
	409	148	789292
	410	148	820714
	411	148	782722
	412	148	1167964
	413	148	1154203
	414	148	5089237
	415	148	792777
	416	148	805288
	417	148	859633
	418	148	786314
	419	148	782935
	420	148	81264947
	421	148	782611
	422	148	821194
	423	148	99989781
	424	148	787436
	425	148	820770
	426	148	869562
	427	148	968130
	428	148	1028466
	429	148	819087
	430	148	820398
	431	148	926451
	432	148	826486
	433	148	967515
	434	148	795202
	435	148	54389781
	436	148	57431599
	437	148	1279781
	438	148	1577217
	439	148	808906
	440	148	924881
	441	148	783449
	442	148	811498
	443	148	783277
	444	148	800123
	445	148	840252
	446	148	1060250
	447	148	1519569
	448	148	784140
	449	148	5085786
	450	148	782154
	451	148	1025345
	452	148	1560930
	453	148	782323
	454	148	1059781
	455	148	3000214
	456	148	782082
	457	148	1028591
	458	148	1553637
	459	148	784203
	460	148	1567311
	461	148	786742
	462	148	822898
	463	148	782633
	464	148	791943
	465	148	810866
	466	148	949562
	467	148	865715
	468	148	782794
	469	148	1324194
	470	148	1016535
	471	148	784654
	472	148	786811
	473	148	4776616
	474	148	826112
	475	148	889249
	476	148	1479562
	477	148	996926
	478	148	791990
	479	148	793792
	480	148	782480
	481	148	832675
	482	148	907370
	483	148	796092
	484	148	797625
	485	148	792861
	486	148	1300850
	487	148	1574476
	488	148	1151873
	489	148	811627
	490	148	782228
	491	148	811360
	492	148	789153
	493	148	794662
	494	148	815727
	495	148	792765
	496	148	809781
	497	148	665189781
	498	148	2480330
	499	148	816534
	500	148	846383
	501	148	814345
	502	148	975852
	503	148	807765
	504	148	1116138
	505	148	1126568
	506	148	782507
	507	148	967443
	508	148	1194214
	509	148	807377
	510	148	1006747
	511	148	1144009
	512	148	1527949
	513	148	789365
	514	148	889781
	515	148	791573
	516	148	1121152
	517	148	1134426
	518	148	866739
	519	148	1106060
	520	148	786181
	521	148	791485
	522	148	994241
	523	148	962270
	524	148	791486
	525	148	838684
	526	148	785036
	527	148	1443161
	528	148	783755
	529	148	782974
	530	148	2507062
	531	148	1389781
	532	148	783489
	533	148	783392
	534	148	815506
	535	148	783069
	536	148	862044
	537	148	853368
	538	148	808637
	539	148	826781
	540	148	782426
	541	148	790935
	542	148	43998809
	543	148	670785
	544	148	539585
	545	148	531725
	546	148	582532
	547	148	532728
	548	148	764659
	549	148	681852
	550	148	1082020
	551	148	664868
	552	148	2587529
	553	148	616911
	554	148	531651
	555	148	662130
	556	148	842851
	557	148	532285
	558	148	531885
	559	148	2521756
	560	148	1335262
	561	148	541058
	562	148	533990
	563	148	536172
	564	148	807108
	565	148	541707
	566	148	531522
	567	148	584551
	568	148	532887
	569	148	536610
	570	148	1146763
	571	148	610114
	572	148	672456
	573	148	724193
	574	148	1389824
	575	148	735512
	576	148	536111
	577	148	795373
	578	148	533755
	579	148	2789774
	580	148	537400
	581	148	640096
	582	148	551202
	583	148	543553
	584	148	531778
	585	148	658749
	586	148	3078340
	587	148	534163
	588	148	670334
	589	148	546300
	590	148	1142491
	591	148	2459499
	592	148	613062
	593	148	792884
	594	148	718543
	595	148	786577
	596	148	2537523
	597	148	836357
	598	148	2460851
	599	148	782422
	600	148	1139780
	601	148	782539
	602	148	811626
	603	148	1167942
	604	148	802569
	605	148	818795
	606	148	795825
	607	148	784083
	608	148	782423
	609	148	1083529
	610	148	1015649
	611	148	1319323
	612	148	806544
	613	148	3083426
	614	148	868314
	615	148	783610
	616	148	794456
	617	148	787920
	618	148	783389
	619	148	789104
	620	148	828821
	621	148	782604
	622	148	909660
	623	148	785097
	624	148	860232
	625	148	799380
	626	148	784116
	627	148	858261
	628	148	804560
	629	148	985669
	630	148	793919
	631	148	790328
	632	148	782403
	633	148	1089780
	634	148	803415
	635	148	788018
	636	148	783326
	637	148	796910
	638	148	3118982
	639	148	1052193
	640	148	3124499
	641	148	1120418
	642	148	1155896
	643	148	873268
	644	148	788160
	645	148	792770
	646	148	2427491
	647	148	1012185
	648	148	2913384
	649	148	791990
	650	148	1058919
	651	148	1281109
	652	148	979560
	653	148	801009
	654	148	792001
	655	148	1076546
	656	148	785704
	657	148	789954
	658	148	790099
	659	148	1373228
	660	148	955777
	661	148	883879
	662	148	1350717
	663	148	801491
	664	148	802415
	665	148	951259
	666	148	798585
	667	148	782250
	668	148	783909
	669	148	782573
	670	148	785725
	671	148	782766
	672	148	858790
	673	148	970221
	674	148	787889
	675	148	958352
	676	148	784665
	677	148	855977
	678	148	793477
	679	148	783144
	680	148	1034799
	681	148	782722
	682	148	806849
	683	148	805803
	684	148	851388
	685	148	866997
	686	148	1756115
	687	148	802065
	688	148	785062
	689	148	782648
	690	148	890860
	691	148	782983
	692	148	826994
	693	148	821043
	694	148	802239
	695	148	803328
	696	148	1005547
	697	148	810211
	698	148	1026392
	699	148	806979
	700	148	786780
	701	148	786014
	702	148	847541
	703	148	782413
	704	148	3054800
	705	148	792871
	706	148	811316
	707	148	1056595
	708	148	806890
	709	148	789855
	710	148	1035388
	711	148	784916
	712	148	803360
	713	148	783164
	714	148	836533
	715	148	784532
	716	148	786096
	717	148	786591
	718	148	782990
	719	148	1173370
	720	148	835554
	721	148	845805
	722	148	1054180
	723	148	1005279
	724	148	907911
	725	148	825906
	726	148	792561
	727	148	1080575
	728	148	855054
	729	148	801291
	730	148	806155
	731	148	803974
	732	148	798401
	733	148	797820
	734	148	790580
	735	148	797181
	736	148	1457108
	737	148	800330
	738	148	796883
	739	148	791578
	740	148	783629
	741	148	783515
	742	148	788794
	743	148	782412
	744	148	949430
	745	148	1036709
	746	148	816312
	747	148	828950
	748	148	783471
	749	148	784042
	750	148	971255
	751	148	846706
	752	148	834106
	753	148	1167715
	754	148	951118
	755	148	782540
	756	148	808728
	757	148	1715698
	758	148	814923
	759	148	784581
	760	148	788566
	761	148	793573
	762	148	992042
	763	148	1040575
	764	148	789608
	765	148	950028
	766	148	800980
	767	148	1050916
	768	148	784684
	769	148	842756
	770	148	791699
	771	148	786203
	772	148	824815
	773	148	784114
	774	148	1169191
	775	148	812209
	776	148	818026
	777	148	818781
	778	148	1457812
	779	148	785385
	780	148	837757
	781	148	802799
	782	148	785951
	783	148	911723
	784	148	809675
	785	148	1279781
	786	148	1203647
	787	148	783895
	788	148	789008
	789	148	799873
	790	148	785069
	791	148	817593
	792	148	953321
	793	148	782084
	794	148	824981
	795	148	782421
	796	148	968825
	797	148	954391
	798	148	3094223
	799	148	788053
	800	148	964442
	801	148	1088208
	802	148	789303
	803	148	789871
	804	148	828064
	805	148	784803
	806	148	789391
	807	148	785776
	808	148	845439
	809	148	788642
	810	148	791305
	811	148	840016
	812	148	787887
	813	148	790196
	814	148	1118248
	815	148	788008
	816	148	787519
	817	148	1140215
	818	148	3099618
	819	148	790577
	820	148	786254
	821	148	784641
	822	148	803719
	823	148	939779
	824	148	2543132
	825	148	532537
	826	148	801712
	827	148	2521750
	828	148	2554708
	829	148	1085059
	830	148	1516620
	831	148	791494
	832	148	1030433
	833	148	783188
	834	148	1084249
	835	148	1006638
	836	148	853465
	837	148	789744
	838	148	880814
	839	148	817424
	840	148	946240
	841	148	1125005
	842	148	2549766
	843	148	942539
	844	148	792732
	845	148	4857118370
	846	148	848947
	847	148	782194
	848	148	2955433
	849	148	794955
	850	148	3081676
	851	148	785492
	852	148	823654
	853	148	775886
	854	148	790589
	855	148	777438
	856	148	784053
	857	148	778698
	858	148	808210
	859	148	833484
	860	148	1055332
	861	148	789092
	862	148	784791
	863	148	1376133
	864	148	782598
	865	148	784560
	866	148	835473
	867	148	778289
	868	148	782513
	869	148	878970
	870	148	1070476
	871	148	800102
	872	148	782307
	873	148	962493
	874	148	777521
	875	148	782416
	876	148	782277
	877	148	846876
	878	148	786155
	879	148	3111230
	880	148	888421
	881	148	970472
	882	148	791299
	883	148	785017
	884	148	826594
	885	148	790355
	886	148	783075
	887	148	829741
	888	148	1060701
	889	148	799011
	890	148	1073098
	891	148	782227
	892	148	797188
	893	148	1170219
	894	148	782273
	895	148	784483
	896	148	1143962
	897	148	3056117
	898	148	777332
	899	148	796778
	900	148	827209
	901	148	782703
	902	148	800328
	903	148	793835
	904	148	1200049
	905	148	784663
	906	148	960883
	907	148	787609
	908	148	976654
	909	148	840461
	910	148	797321
	911	148	882142
	912	148	789774
	913	148	830297
	914	148	782836
	915	148	783971
	916	148	832984
	917	148	777647
	918	148	783999
	919	148	809009
	920	148	872285
	921	148	784518
	922	148	783417
	923	148	787631
	924	148	786202
	925	148	1002352
	926	148	783316
	927	148	788074
	928	148	883750
	929	148	790646
	930	148	791426
	931	148	785850
	932	148	785972
	933	148	790282
	934	148	1315936
	935	148	1356157
	936	148	787728
	937	148	783673
	938	148	831060
	939	148	784935
	940	148	784838
	941	148	861566
	942	148	801351
	943	148	785078
	944	148	1058177
	945	148	1264559
	946	148	776950
	947	148	790043
	948	148	793848
	949	148	810794
	950	148	3070732
	951	148	986258
	952	148	786583
	953	148	789679
	954	148	783770
	955	148	784156
	956	148	819285
	957	148	809721
	958	148	777091
	959	148	797132
	960	148	779495
	961	148	778089
	962	148	784092
	963	148	975471
	964	148	782560
	965	148	1008924
	966	148	781840
	967	148	1206306
	968	148	1141922
	969	148	790821
	970	148	785534
	971	148	785870
	972	148	796086
	973	148	793111
	974	148	1069351
	975	148	842640
	976	148	782942
	977	148	878734
	978	148	787919
	979	148	782749
	980	148	786046
	981	148	1087876
	982	148	786095
	983	148	782825
	984	148	777216
	985	148	784926
	986	148	790221
	987	148	981491
	988	148	786440
	989	148	793634
	990	148	785333
	991	148	1010023
	992	148	870784
	993	148	785632
	994	148	782714
	995	148	798957
	996	148	779095
	997	148	792861
	998	148	955527
	999	148	1376068
	1000	148	804399
	1001	148	969701
	1002	148	798255
	1003	148	786612
	1004	148	792396
	1005	148	861283
	1006	148	1486767
	1007	148	786839
	1008	148	793230
	1009	148	966636
	1010	148	858321
	1011	148	783521
	1012	148	783670
	1013	148	786887
	1014	148	784643
	1015	148	1518670
	1016	148	786349
	1017	148	791757
	1018	148	803632
	1019	148	939770
	1020	148	791096
	1021	148	792037
	1022	148	798318
	1023	148	807820
	1024	148	1142263
	1025	148	6808658794
	1026	148	1281180
	1027	148	990091
	1028	148	796803
	1029	148	776093
	1030	148	1270236
	1031	148	776274
	1032	148	776812
	1033	148	806509
	1034	148	781596
	1035	148	1035048
	1036	148	781759
	1037	148	785981
	1038	148	970989
	1039	148	783965
	1040	148	828822
	1041	148	788384
	1042	148	789209
	1043	148	1761858
	1044	148	818899
	1045	148	785010
	1046	148	785969
	1047	148	807728
	1048	148	799388
	1049	148	962422
	1050	148	829558
	1051	148	1386758
	1052	148	782781
	1053	148	3083581
	1054	148	782464
	1055	148	786440
	1056	148	784806
	1057	148	827750
	1058	148	782057
	1059	148	776513
	1060	148	1511932
	1061	148	784256
	1062	148	1009048
	1063	148	100068222
	1064	148	6785703080
	1065	148	6785703080
	1066	148	6249991346
	1067	148	6249991346
	1068	148	5795623673
	1069	148	5795623673
	1070	148	9999994231
	1071	148	9999994231
	1072	148	100333533
	1073	148	7482753675
	1074	148	7482753675
	1075	148	999192450
	1076	148	999997354
	1077	148	9894995960
	1078	148	9894995960
	1079	148	999997069
	1080	148	999994100
	1081	148	14285714285
	1082	148	14285714285
	1083	148	14285714285
	1084	148	14285714285
	1085	148	9708081040
	1086	148	9708081040
	1087	148	8589206482
	1088	148	8589206482
	1089	148	9525511495
	1090	148	9525511495
	1091	148	8710045;
param: 		Size	Value	:=
	1	34	75500000;
end;